10
10
0.000125663706
0.00041813607840830567
0.0013913148484310718
0.004629490511398849
0.015404264835741643
0.05125647726146145
0.17055188866650148
0.5674979686827072
1.888304767405686
6.2831853
0.000125663706
0.00041813607840830567
0.0013913148484310718
0.004629490511398849
0.015404264835741643
0.05125647726146145
0.17055188866650148
0.5674979686827072
1.888304767405686
6.2831853
0.13843524640809995
0.005939761451558294
0
0
0
0
0
0
0
0
0.005939761451558294
0.05329022967235096
0.00013979877046991736
0
0
0
0
0
0
0
0
0.00013979877046991736
0.004876958660699681
0.
0
0
0
0
0
0
0
0
0.
0.
0.
0
0
0
0
0
0
0
0
0.
0.
0.
0
0
0
0
0
0
0
0
0.
0.
0.
0
0
0
0
0
0
0
0
0.
0.
0.
0
0
0
0
0
0
0
0
0.
0.
0.
0
0
0
0
0
0
0
0
0.
0.
0
0
0
0
0
0
0
0
0
0
0
0.21787748263031098
0.1969461421063098
0
0
0
0
0
0
0
0
0.1969461421063098
0.13843524640809998
0.00593976145155829
0
0
0
0
0
0
0
0
0.00593976145155829
0.053290229672350885
0.00013979877046991717
0
0
0
0
0
0
0
0
0.00013979877046991717
0.0048769586606996805
0.
0
0
0
0
0
0
0
0
0.
0.
0.
0
0
0
0
0
0
0
0
0.
0.
0.
0
0
0
0
0
0
0
0
0.
0.
0.
0
0
0
0
0
0
0
0
0.
0.
0.
0
0
0
0
0
0
0
0
0.
0.
0
0
0
0
0
0
0
0
0
0
0
0
0.00034476632494079415
0.0005139628551777481
0
0
0
0
0
0
0
0.00034476632494079415
0.21787748263031442
0.19694614210630937
0
0
0
0
0
0
0
0.0005139628551777481
0.19694614210630937
0.13843524640809995
0.005939761451558294
0
0
0
0
0
0
0
0
0.005939761451558294
0.05329022967235096
0.00013979877046991742
0
0
0
0
0
0
0
0
0.00013979877046991742
0.004876958660699684
0.
0
0
0
0
0
0
0
0
0.
0.
0.
0
0
0
0
0
0
0
0
0.
0.
0.
0
0
0
0
0
0
0
0
0.
0.
0.
0
0
0
0
0
0
0
0
0.
0.
0
0
0
0
0
0
0
0
0
0
0
0
0
2.834218594307324e-6
2.5870000507896646e-6
0
0
0
0
0
0
0
0
0.00034476632494079415
0.0005139628551777481
0
0
0
0
0
0
2.834218594307324e-6
0.00034476632494079415
0.21787748263031442
0.19694614210630937
0
0
0
0
0
0
2.5870000507896646e-6
0.0005139628551777481
0.19694614210630937
0.13843524640809995
0.005939761451558297
0
0
0
0
0
0
0
0
0.005939761451558297
0.05329022967235096
0.00013979877046991753
0
0
0
0
0
0
0
0
0.00013979877046991753
0.00487695866069968
0.
0
0
0
0
0
0
0
0
0.
0.
0.
0
0
0
0
0
0
0
0
0.
0.
0.
0
0
0
0
0
0
0
0
0.
0.
0
0
0
0
0
0
0
0
0
0
0
0
0
0
1.9549433393385445e-8
0.
0
0
0
0
0
0
0
0
2.8342185943072987e-6
2.5870000507895477e-6
0
0
0
0
0
0
0
0
0.00034476632494079415
0.0005139628551777465
0
0
0
0
0
1.9549433393385445e-8
2.8342185943072987e-6
0.00034476632494079415
0.21787748263031442
0.1969461421063121
0
0
0
0
0
0.
2.5870000507895477e-6
0.0005139628551777465
0.1969461421063121
0.13843524640810032
0.0059397614515582856
0
0
0
0
0
0
0
0
0.0059397614515582856
0.053290229672350815
0.00013979877046991742
0
0
0
0
0
0
0
0
0.00013979877046991742
0.004876958660699684
0.
0
0
0
0
0
0
0
0
0.
0.
0.
0
0
0
0
0
0
0
0
0.
0.
0
0
0
0
0
0
0
0
0
0
0
0
0
0
0
0.
0.
0
0
0
0
0
0
0
0
1.9549433393430857e-8
0.
0
0
0
0
0
0
0
0
2.8342185943064737e-6
2.587000050789789e-6
0
0
0
0
0
0
0
0
0.00034476632494079333
0.0005139628551777484
0
0
0
0
0.
1.9549433393430857e-8
2.8342185943064737e-6
0.00034476632494079333
0.21787748263031437
0.19694614210630837
0
0
0
0
0.
0.
2.587000050789789e-6
0.0005139628551777484
0.19694614210630837
0.13843524640810012
0.005939761451558299
0
0
0
0
0
0
0
0
0.005939761451558299
0.053290229672351
0.00013979877046991717
0
0
0
0
0
0
0
0
0.00013979877046991717
0.0048769586606996675
0.
0
0
0
0
0
0
0
0
0.
0.
0
0
0
0
0
0
0
0
0
0
0
0
0
0
0
0
0.
0.
0
0
0
0
0
0
0
0
0.
0.
0
0
0
0
0
0
0
0
1.954943339338817e-8
0.
0
0
0
0
0
0
0
0
2.834218594306805e-6
2.5870000507895477e-6
0
0
0
0
0
0
0
0
0.0003447663249407961
0.0005139628551777489
0
0
0
0.
0.
1.954943339338817e-8
2.834218594306805e-6
0.0003447663249407961
0.21787748263031087
0.19694614210631187
0
0
0
0.
0.
0.
2.5870000507895477e-6
0.0005139628551777489
0.19694614210631187
0.13843524640810032
0.005939761451558287
0
0
0
0
0
0
0
0
0.005939761451558287
0.0532902296723509
0.00013979877046991742
0
0
0
0
0
0
0
0
0.00013979877046991742
0.004876958660699684
0
0
0
0
0
0
0
0
0
0
0
0
0
0
0
0
0
0.
0.
0
0
0
0
0
0
0
0
0.
0.
0
0
0
0
0
0
0
0
0.
0.
0
0
0
0
0
0
0
0
1.9549433393430857e-8
0.
0
0
0
0
0
0
0
0
2.8342185943072165e-6
2.587000050789641e-6
0
0
0
0
0
0
0
0
0.0003447663249407934
0.0005139628551777467
0
0
0.
0.
0.
1.9549433393430857e-8
2.8342185943072165e-6
0.0003447663249407934
0.21787748263031448
0.19694614210630837
0
0
0.
0.
0.
0.
2.587000050789641e-6
0.0005139628551777467
0.19694614210630837
0.13843524640810012
0.005939761451558307
0
0
0
0
0
0
0
0
0.005939761451558307
0.053290229672351024
0
0
0
0
0
0
0
0
0
0
0
0
0
0
0
0
0
0
0.
0.
0
0
0
0
0
0
0
0
0.
0.
0
0
0
0
0
0
0
0
0.
0.
0
0
0
0
0
0
0
0
0.
0.
0
0
0
0
0
0
0
0
1.9549433393439426e-8
0.
0
0
0
0
0
0
0
0
2.8342185943068544e-6
2.5870000507895477e-6
0
0
0
0
0
0
0
0
0.0003447663249407951
0.0005139628551777507
0
0.
0.
0.
0.
1.9549433393439426e-8
2.8342185943068544e-6
0.0003447663249407951
0.21787748263031081
0.19694614210631167
0
0.
0.
0.
0.
0.
2.5870000507895477e-6
0.0005139628551777507
0.19694614210631167
0.13843524640810032
0
0
0
0
0
0
0
0
0
0
0
0
0
0
0
0
0
0
0
0.
0
0
0
0
0
0
0
0
0
0.
0
0
0
0
0
0
0
0
0
0.
0
0
0
0
0
0
0
0
0
0.
0
0
0
0
0
0
0
0
0
0.
0
0
0
0
0
0
0
0
0
1.9549433393431638e-8
0
0
0
0
0
0
0
0
0
2.8342185943072165e-6
0
0
0
0
0
0
0
0
0
0.0003447663249407934
0
0.
0.
0.
0.
0.
1.9549433393431638e-8
2.8342185943072165e-6
0.0003447663249407934
0.21787748263031448
0
0
0
0
0
0
0
0
0
0
0