20
20
0.000125663706
0.0002220874789966548
0.00039249875637990166
0.0006936693345152064
0.0012259329178129555
0.002166610868026544
0.0038290860660019784
0.006767205093088675
0.01195978987741605
0.021136728079665594
0.03735527785127343
0.06601858045797963
0.11667569394181727
0.20620282142342264
0.3644255467996886
0.6440551018821642
1.138248890351391
2.0116454828164967
3.5552132603324935
6.2831853
0.000125663706
0.0002220874789966548
0.00039249875637990166
0.0006936693345152064
0.0012259329178129555
0.002166610868026544
0.0038290860660019784
0.006767205093088675
0.01195978987741605
0.021136728079665594
0.03735527785127343
0.06601858045797963
0.11667569394181727
0.20620282142342264
0.3644255467996886
0.6440551018821642
1.138248890351391
2.0116454828164967
3.5552132603324935
6.2831853
0.022175998246363272
0.016287613584703153
0
0
0
0
0
0
0
0
0
0
0
0
0
0
0
0
0
0
0.016287613584703153
0.0745016247732951
0.006971618957441933
0
0
0
0
0
0
0
0
0
0
0
0
0
0
0
0
0
0
0.006971618957441933
0.041205173355341476
0.0014136646313257575
0
0
0
0
0
0
0
0
0
0
0
0
0
0
0
0
0
0
0.0014136646313257575
0.014685956536965547
0.00023750981242328165
0
0
0
0
0
0
0
0
0
0
0
0
0
0
0
0
0
0
0.00023750981242328165
0.00440816177855503
0.00003659028245094705
0
0
0
0
0
0
0
0
0
0
0
0
0
0
0
0
0
0
0.00003659028245094705
0.001274050800662606
5.321559163526933e-6
0
0
0
0
0
0
0
0
0
0
0
0
0
0
0
0
0
0
5.321559163526933e-6
0.0003225125551419156
0.
0
0
0
0
0
0
0
0
0
0
0
0
0
0
0
0
0
0
0.
0.00004536785703891494
0.
0
0
0
0
0
0
0
0
0
0
0
0
0
0
0
0
0
0
0.
2.3973340594152303e-6
0.
0
0
0
0
0
0
0
0
0
0
0
0
0
0
0
0
0
0
0.
0.
0.
0
0
0
0
0
0
0
0
0
0
0
0
0
0
0
0
0
0
0.
0.
0.
0
0
0
0
0
0
0
0
0
0
0
0
0
0
0
0
0
0
0.
0.
0.
0
0
0
0
0
0
0
0
0
0
0
0
0
0
0
0
0
0
0.
0.
0.
0
0
0
0
0
0
0
0
0
0
0
0
0
0
0
0
0
0
0.
0.
0.
0
0
0
0
0
0
0
0
0
0
0
0
0
0
0
0
0
0
0.
0.
0.
0
0
0
0
0
0
0
0
0
0
0
0
0
0
0
0
0
0
0.
0.
0.
0
0
0
0
0
0
0
0
0
0
0
0
0
0
0
0
0
0
0.
0.
0.
0
0
0
0
0
0
0
0
0
0
0
0
0
0
0
0
0
0
0.
0.
0.
0
0
0
0
0
0
0
0
0
0
0
0
0
0
0
0
0
0
0.
0.
0
0
0
0
0
0
0
0
0
0
0
0
0
0
0
0
0
0
0
0
0
0.20845314963967454
0.1520025184817134
0.00010141476720220945
0
0
0
0
0
0
0
0
0
0
0
0
0
0
0
0
0
0.1520025184817134
0.022175998246363272
0.016287613584703153
0
0
0
0
0
0
0
0
0
0
0
0
0
0
0
0
0
0.00010141476720220945
0.016287613584703153
0.0745016247732951
0.006971618957441933
0
0
0
0
0
0
0
0
0
0
0
0
0
0
0
0
0
0
0.006971618957441933
0.041205173355341476
0.0014136646313257575
0
0
0
0
0
0
0
0
0
0
0
0
0
0
0
0
0
0
0.0014136646313257575
0.01468595653696556
0.00023750981242328178
0
0
0
0
0
0
0
0
0
0
0
0
0
0
0
0
0
0
0.00023750981242328178
0.0044081617785550345
0.00003659028245094705
0
0
0
0
0
0
0
0
0
0
0
0
0
0
0
0
0
0
0.00003659028245094705
0.0012740508006626042
5.321559163526944e-6
0
0
0
0
0
0
0
0
0
0
0
0
0
0
0
0
0
0
5.321559163526944e-6
0.00032251255514191747
0.
0
0
0
0
0
0
0
0
0
0
0
0
0
0
0
0
0
0
0.
0.00004536785703891494
0.
0
0
0
0
0
0
0
0
0
0
0
0
0
0
0
0
0
0
0.
2.3973340594152303e-6
0.
0
0
0
0
0
0
0
0
0
0
0
0
0
0
0
0
0
0
0.
0.
0.
0
0
0
0
0
0
0
0
0
0
0
0
0
0
0
0
0
0
0.
0.
0.
0
0
0
0
0
0
0
0
0
0
0
0
0
0
0
0
0
0
0.
0.
0.
0
0
0
0
0
0
0
0
0
0
0
0
0
0
0
0
0
0
0.
0.
0.
0
0
0
0
0
0
0
0
0
0
0
0
0
0
0
0
0
0
0.
0.
0.
0
0
0
0
0
0
0
0
0
0
0
0
0
0
0
0
0
0
0.
0.
0.
0
0
0
0
0
0
0
0
0
0
0
0
0
0
0
0
0
0
0.
0.
0.
0
0
0
0
0
0
0
0
0
0
0
0
0
0
0
0
0
0
0.
0.
0.
0
0
0
0
0
0
0
0
0
0
0
0
0
0
0
0
0
0
0.
0.
0
0
0
0
0
0
0
0
0
0
0
0
0
0
0
0
0
0
0
0
0
0.00001961305673290018
0.0045850510140006415
0.044699376015859583
0
0
0
0
0
0
0
0
0
0
0
0
0
0
0
0
0
0.0045850510140006415
0.20845314963967454
0.1520025184817134
0.00010141476720220945
0
0
0
0
0
0
0
0
0
0
0
0
0
0
0
0
0.044699376015859583
0.1520025184817134
0.022175998246363272
0.016287613584703153
0
0
0
0
0
0
0
0
0
0
0
0
0
0
0
0
0
0.00010141476720220945
0.016287613584703153
0.0745016247732951
0.006971618957441933
0
0
0
0
0
0
0
0
0
0
0
0
0
0
0
0
0
0
0.006971618957441933
0.041205173355341455
0.0014136646313257573
0
0
0
0
0
0
0
0
0
0
0
0
0
0
0
0
0
0
0.0014136646313257573
0.014685956536965588
0.00023750981242328165
0
0
0
0
0
0
0
0
0
0
0
0
0
0
0
0
0
0
0.00023750981242328165
0.00440816177855503
0.00003659028245094705
0
0
0
0
0
0
0
0
0
0
0
0
0
0
0
0
0
0
0.00003659028245094705
0.0012740508006626042
5.321559163526944e-6
0
0
0
0
0
0
0
0
0
0
0
0
0
0
0
0
0
0
5.321559163526944e-6
0.00032251255514191747
0.
0
0
0
0
0
0
0
0
0
0
0
0
0
0
0
0
0
0
0.
0.00004536785703891494
0.
0
0
0
0
0
0
0
0
0
0
0
0
0
0
0
0
0
0
0.
2.3973340594152277e-6
0.
0
0
0
0
0
0
0
0
0
0
0
0
0
0
0
0
0
0
0.
0.
0.
0
0
0
0
0
0
0
0
0
0
0
0
0
0
0
0
0
0
0.
0.
0.
0
0
0
0
0
0
0
0
0
0
0
0
0
0
0
0
0
0
0.
0.
0.
0
0
0
0
0
0
0
0
0
0
0
0
0
0
0
0
0
0
0.
0.
0.
0
0
0
0
0
0
0
0
0
0
0
0
0
0
0
0
0
0
0.
0.
0.
0
0
0
0
0
0
0
0
0
0
0
0
0
0
0
0
0
0
0.
0.
0.
0
0
0
0
0
0
0
0
0
0
0
0
0
0
0
0
0
0
0.
0.
0.
0
0
0
0
0
0
0
0
0
0
0
0
0
0
0
0
0
0
0.
0.
0
0
0
0
0
0
0
0
0
0
0
0
0
0
0
0
0
0
0
0
0
0
0
0.00040400492461363383
0.000644976461945492
0
0
0
0
0
0
0
0
0
0
0
0
0
0
0
0
0
0.000019613056732899977
0.0045850510140006484
0.044699376015858765
0
0
0
0
0
0
0
0
0
0
0
0
0
0
0
0
0.00040400492461363383
0.0045850510140006484
0.2084531496396748
0.15200251848171303
0.00010141476720220975
0
0
0
0
0
0
0
0
0
0
0
0
0
0
0
0.000644976461945492
0.044699376015858765
0.15200251848171303
0.022175998246363245
0.016287613584703167
0
0
0
0
0
0
0
0
0
0
0
0
0
0
0
0
0
0.00010141476720220975
0.016287613584703167
0.07450162477329515
0.006971618957441939
0
0
0
0
0
0
0
0
0
0
0
0
0
0
0
0
0
0
0.006971618957441939
0.04120517335534144
0.0014136646313257567
0
0
0
0
0
0
0
0
0
0
0
0
0
0
0
0
0
0
0.0014136646313257567
0.014685956536965573
0.00023750981242328178
0
0
0
0
0
0
0
0
0
0
0
0
0
0
0
0
0
0
0.00023750981242328178
0.0044081617785550345
0.00003659028245094705
0
0
0
0
0
0
0
0
0
0
0
0
0
0
0
0
0
0
0.00003659028245094705
0.0012740508006626042
5.321559163526944e-6
0
0
0
0
0
0
0
0
0
0
0
0
0
0
0
0
0
0
5.321559163526944e-6
0.00032251255514191747
0.
0
0
0
0
0
0
0
0
0
0
0
0
0
0
0
0
0
0
0.
0.00004536785703891494
0.
0
0
0
0
0
0
0
0
0
0
0
0
0
0
0
0
0
0
0.
2.397334059415204e-6
0.
0
0
0
0
0
0
0
0
0
0
0
0
0
0
0
0
0
0
0.
0.
0.
0
0
0
0
0
0
0
0
0
0
0
0
0
0
0
0
0
0
0.
0.
0.
0
0
0
0
0
0
0
0
0
0
0
0
0
0
0
0
0
0
0.
0.
0.
0
0
0
0
0
0
0
0
0
0
0
0
0
0
0
0
0
0
0.
0.
0.
0
0
0
0
0
0
0
0
0
0
0
0
0
0
0
0
0
0
0.
0.
0.
0
0
0
0
0
0
0
0
0
0
0
0
0
0
0
0
0
0
0.
0.
0.
0
0
0
0
0
0
0
0
0
0
0
0
0
0
0
0
0
0
0.
0.
0
0
0
0
0
0
0
0
0
0
0
0
0
0
0
0
0
0
0
0
0
0
0
0
0.00004084252712181539
0.00005031889872797284
0
0
0
0
0
0
0
0
0
0
0
0
0
0
0
0
0
0
0.0004040049246136337
0.000644976461945492
0
0
0
0
0
0
0
0
0
0
0
0
0
0
0
0
0
0.00001961305673290021
0.004585051014000655
0.04469937601585945
0
0
0
0
0
0
0
0
0
0
0
0
0
0
0
0.00004084252712181539
0.0004040049246136337
0.004585051014000655
0.20845314963967454
0.15200251848171353
0.00010141476720221007
0
0
0
0
0
0
0
0
0
0
0
0
0
0
0.00005031889872797284
0.000644976461945492
0.04469937601585945
0.15200251848171353
0.022175998246363238
0.01628761358470316
0
0
0
0
0
0
0
0
0
0
0
0
0
0
0
0
0
0.00010141476720221007
0.01628761358470316
0.07450162477329514
0.006971618957441937
0
0
0
0
0
0
0
0
0
0
0
0
0
0
0
0
0
0
0.006971618957441937
0.04120517335534144
0.0014136646313257567
0
0
0
0
0
0
0
0
0
0
0
0
0
0
0
0
0
0
0.0014136646313257567
0.014685956536965573
0.00023750981242328178
0
0
0
0
0
0
0
0
0
0
0
0
0
0
0
0
0
0
0.00023750981242328178
0.0044081617785550345
0.00003659028245094705
0
0
0
0
0
0
0
0
0
0
0
0
0
0
0
0
0
0
0.00003659028245094705
0.0012740508006626042
5.3215591635269335e-6
0
0
0
0
0
0
0
0
0
0
0
0
0
0
0
0
0
0
5.3215591635269335e-6
0.00032251255514191763
0.
0
0
0
0
0
0
0
0
0
0
0
0
0
0
0
0
0
0
0.
0.000045367857038914956
0.
0
0
0
0
0
0
0
0
0
0
0
0
0
0
0
0
0
0
0.
2.397334059415225e-6
0.
0
0
0
0
0
0
0
0
0
0
0
0
0
0
0
0
0
0
0.
0.
0.
0
0
0
0
0
0
0
0
0
0
0
0
0
0
0
0
0
0
0.
0.
0.
0
0
0
0
0
0
0
0
0
0
0
0
0
0
0
0
0
0
0.
0.
0.
0
0
0
0
0
0
0
0
0
0
0
0
0
0
0
0
0
0
0.
0.
0.
0
0
0
0
0
0
0
0
0
0
0
0
0
0
0
0
0
0
0.
0.
0.
0
0
0
0
0
0
0
0
0
0
0
0
0
0
0
0
0
0
0.
0.
0
0
0
0
0
0
0
0
0
0
0
0
0
0
0
0
0
0
0
0
0
0
0
0
0
4.235979169837209e-6
4.732037538756976e-6
0
0
0
0
0
0
0
0
0
0
0
0
0
0
0
0
0
0
0.00004084252712181517
0.00005031889872797349
0
0
0
0
0
0
0
0
0
0
0
0
0
0
0
0
0
0
0.0004040049246136322
0.0006449764619454926
0
0
0
0
0
0
0
0
0
0
0
0
0
0
0
0
0
0.000019613056918536267
0.004585051014000648
0.044699376015859445
0
0
0
0
0
0
0
0
0
0
0
0
0
0
4.235979169837209e-6
0.00004084252712181517
0.0004040049246136322
0.004585051014000648
0.2084531496396746
0.15200251848171334
0.00010141476720220945
0
0
0
0
0
0
0
0
0
0
0
0
0
4.732037538756976e-6
0.00005031889872797349
0.0006449764619454926
0.044699376015859445
0.15200251848171334
0.022175998246363272
0.016287613584703153
0
0
0
0
0
0
0
0
0
0
0
0
0
0
0
0
0
0.00010141476720220945
0.016287613584703153
0.0745016247732951
0.006971618957441933
0
0
0
0
0
0
0
0
0
0
0
0
0
0
0
0
0
0
0.006971618957441933
0.04120517335534144
0.001413664631325756
0
0
0
0
0
0
0
0
0
0
0
0
0
0
0
0
0
0
0.001413664631325756
0.014685956536965543
0.00023750981242328154
0
0
0
0
0
0
0
0
0
0
0
0
0
0
0
0
0
0
0.00023750981242328154
0.004408161778555028
0.000036590282450947044
0
0
0
0
0
0
0
0
0
0
0
0
0
0
0
0
0
0
0.000036590282450947044
0.0012740508006626058
5.321559163526919e-6
0
0
0
0
0
0
0
0
0
0
0
0
0
0
0
0
0
0
5.321559163526919e-6
0.00032251255514191535
0.
0
0
0
0
0
0
0
0
0
0
0
0
0
0
0
0
0
0
0.
0.00004536785703891493
0.
0
0
0
0
0
0
0
0
0
0
0
0
0
0
0
0
0
0
0.
2.3973340594152167e-6
0.
0
0
0
0
0
0
0
0
0
0
0
0
0
0
0
0
0
0
0.
0.
0.
0
0
0
0
0
0
0
0
0
0
0
0
0
0
0
0
0
0
0.
0.
0.
0
0
0
0
0
0
0
0
0
0
0
0
0
0
0
0
0
0
0.
0.
0.
0
0
0
0
0
0
0
0
0
0
0
0
0
0
0
0
0
0
0.
0.
0.
0
0
0
0
0
0
0
0
0
0
0
0
0
0
0
0
0
0
0.
0.
0
0
0
0
0
0
0
0
0
0
0
0
0
0
0
0
0
0
0
0
0
0
0
0
0
0
4.400431059045861e-7
4.679258194217575e-7
0
0
0
0
0
0
0
0
0
0
0
0
0
0
0
0
0
0
4.235979169837213e-6
4.732037538756886e-6
0
0
0
0
0
0
0
0
0
0
0
0
0
0
0
0
0
0
0.00004084252712181517
0.00005031889872797349
0
0
0
0
0
0
0
0
0
0
0
0
0
0
0
0
0
0
0.00040400492461363437
0.0006449764619454898
0
0
0
0
0
0
0
0
0
0
0
0
0
0
0
0
0
0.000019613056732899977
0.004585051014000648
0.044699376015859174
0
0
0
0
0
0
0
0
0
0
0
0
0
4.400431059045861e-7
4.235979169837213e-6
0.00004084252712181517
0.00040400492461363437
0.004585051014000648
0.2084531496396748
0.15200251848171292
0.00010141476720220945
0
0
0
0
0
0
0
0
0
0
0
0
4.679258194217575e-7
4.732037538756886e-6
0.00005031889872797349
0.0006449764619454898
0.044699376015859174
0.15200251848171292
0.022175998246363272
0.016287613584703153
0
0
0
0
0
0
0
0
0
0
0
0
0
0
0
0
0
0.00010141476720220945
0.016287613584703153
0.0745016247732951
0.006971618957441933
0
0
0
0
0
0
0
0
0
0
0
0
0
0
0
0
0
0
0.006971618957441933
0.041205173355341476
0.0014136646313257575
0
0
0
0
0
0
0
0
0
0
0
0
0
0
0
0
0
0
0.0014136646313257575
0.014685956536965547
0.00023750981242328165
0
0
0
0
0
0
0
0
0
0
0
0
0
0
0
0
0
0
0.00023750981242328165
0.004408161778555015
0.00003659028245094691
0
0
0
0
0
0
0
0
0
0
0
0
0
0
0
0
0
0
0.00003659028245094691
0.0012740508006626042
5.321559163526933e-6
0
0
0
0
0
0
0
0
0
0
0
0
0
0
0
0
0
0
5.321559163526933e-6
0.0003225125551419174
0.
0
0
0
0
0
0
0
0
0
0
0
0
0
0
0
0
0
0
0.
0.00004536785703891499
0.
0
0
0
0
0
0
0
0
0
0
0
0
0
0
0
0
0
0
0.
2.397334059415224e-6
0.
0
0
0
0
0
0
0
0
0
0
0
0
0
0
0
0
0
0
0.
0.
0.
0
0
0
0
0
0
0
0
0
0
0
0
0
0
0
0
0
0
0.
0.
0.
0
0
0
0
0
0
0
0
0
0
0
0
0
0
0
0
0
0
0.
0.
0.
0
0
0
0
0
0
0
0
0
0
0
0
0
0
0
0
0
0
0.
0.
0
0
0
0
0
0
0
0
0
0
0
0
0
0
0
0
0
0
0
0
0
0
0
0
0
0
0
4.555448943967017e-8
4.715574313946619e-8
0
0
0
0
0
0
0
0
0
0
0
0
0
0
0
0
0
0
4.40043105904642e-7
4.6792581942188616e-7
0
0
0
0
0
0
0
0
0
0
0
0
0
0
0
0
0
0
4.2359791698371835e-6
4.7320375387569885e-6
0
0
0
0
0
0
0
0
0
0
0
0
0
0
0
0
0
0
0.000040842527121815496
0.0000503188987279728
0
0
0
0
0
0
0
0
0
0
0
0
0
0
0
0
0
0
0.0004040049246136345
0.0006449764619454898
0
0
0
0
0
0
0
0
0
0
0
0
0
0
0
0
0
0.00001961305673290018
0.0045850510140006415
0.044699376015859583
0
0
0
0
0
0
0
0
0
0
0
0
4.555448943967017e-8
4.40043105904642e-7
4.2359791698371835e-6
0.000040842527121815496
0.0004040049246136345
0.0045850510140006415
0.20845314963967454
0.1520025184817134
0.00010141476720220945
0
0
0
0
0
0
0
0
0
0
0
4.715574313946619e-8
4.6792581942188616e-7
4.7320375387569885e-6
0.0000503188987279728
0.0006449764619454898
0.044699376015859583
0.1520025184817134
0.022175998246363272
0.016287613584703174
0
0
0
0
0
0
0
0
0
0
0
0
0
0
0
0
0
0.00010141476720220945
0.016287613584703174
0.07450162477329506
0.006971618957441925
0
0
0
0
0
0
0
0
0
0
0
0
0
0
0
0
0
0
0.006971618957441925
0.04120517335534137
0.001413664631325755
0
0
0
0
0
0
0
0
0
0
0
0
0
0
0
0
0
0
0.001413664631325755
0.014685956536965517
0.00023750981242328078
0
0
0
0
0
0
0
0
0
0
0
0
0
0
0
0
0
0
0.00023750981242328078
0.004408161778555006
0.000036590282450947044
0
0
0
0
0
0
0
0
0
0
0
0
0
0
0
0
0
0
0.000036590282450947044
0.0012740508006626062
5.321559163526923e-6
0
0
0
0
0
0
0
0
0
0
0
0
0
0
0
0
0
0
5.321559163526923e-6
0.0003225125551419153
0.
0
0
0
0
0
0
0
0
0
0
0
0
0
0
0
0
0
0
0.
0.00004536785703891485
0.
0
0
0
0
0
0
0
0
0
0
0
0
0
0
0
0
0
0
0.
2.397334059415222e-6
0.
0
0
0
0
0
0
0
0
0
0
0
0
0
0
0
0
0
0
0.
0.
0.
0
0
0
0
0
0
0
0
0
0
0
0
0
0
0
0
0
0
0.
0.
0.
0
0
0
0
0
0
0
0
0
0
0
0
0
0
0
0
0
0
0.
0.
0
0
0
0
0
0
0
0
0
0
0
0
0
0
0
0
0
0
0
0
0
0
0
0
0
0
0
0
4.699451870621753e-9
0.
0
0
0
0
0
0
0
0
0
0
0
0
0
0
0
0
0
0
4.5554489439671145e-8
4.715574313942852e-8
0
0
0
0
0
0
0
0
0
0
0
0
0
0
0
0
0
0
4.4004310590461647e-7
4.679258194218256e-7
0
0
0
0
0
0
0
0
0
0
0
0
0
0
0
0
0
0
4.235979169837314e-6
4.732037538756901e-6
0
0
0
0
0
0
0
0
0
0
0
0
0
0
0
0
0
0
0.00004084252712181539
0.00005031889872797283
0
0
0
0
0
0
0
0
0
0
0
0
0
0
0
0
0
0
0.00040400492461363556
0.0006449764619454921
0
0
0
0
0
0
0
0
0
0
0
0
0
0
0
0
0
0.00001961305673290018
0.0045850510140006415
0.044699376015859583
0
0
0
0
0
0
0
0
0
0
0
4.699451870621753e-9
4.5554489439671145e-8
4.4004310590461647e-7
4.235979169837314e-6
0.00004084252712181539
0.00040400492461363556
0.0045850510140006415
0.20845314963967454
0.1520025184817134
0.00010141476720220945
0
0
0
0
0
0
0
0
0
0
0.
4.715574313942852e-8
4.679258194218256e-7
4.732037538756901e-6
0.00005031889872797283
0.0006449764619454921
0.044699376015859583
0.1520025184817134
0.022175998246363272
0.016287613584703174
0
0
0
0
0
0
0
0
0
0
0
0
0
0
0
0
0
0.00010141476720220945
0.016287613584703174
0.07450162477329506
0.006971618957441919
0
0
0
0
0
0
0
0
0
0
0
0
0
0
0
0
0
0
0.006971618957441919
0.04120517335534155
0.001413664631325752
0
0
0
0
0
0
0
0
0
0
0
0
0
0
0
0
0
0
0.001413664631325752
0.014685956536965495
0.00023750981242328165
0
0
0
0
0
0
0
0
0
0
0
0
0
0
0
0
0
0
0.00023750981242328165
0.004408161778555015
0.00003659028245094691
0
0
0
0
0
0
0
0
0
0
0
0
0
0
0
0
0
0
0.00003659028245094691
0.0012740508006626034
5.321559163526933e-6
0
0
0
0
0
0
0
0
0
0
0
0
0
0
0
0
0
0
5.321559163526933e-6
0.0003225125551419184
0.
0
0
0
0
0
0
0
0
0
0
0
0
0
0
0
0
0
0
0.
0.00004536785703891499
0.
0
0
0
0
0
0
0
0
0
0
0
0
0
0
0
0
0
0
0.
2.397334059415224e-6
0.
0
0
0
0
0
0
0
0
0
0
0
0
0
0
0
0
0
0
0.
0.
0.
0
0
0
0
0
0
0
0
0
0
0
0
0
0
0
0
0
0
0.
0.
0
0
0
0
0
0
0
0
0
0
0
0
0
0
0
0
0
0
0
0
0
0
0
0
0
0
0
0
0
0.
0.
0
0
0
0
0
0
0
0
0
0
0
0
0
0
0
0
0
0
4.6994518705967225e-9
0.
0
0
0
0
0
0
0
0
0
0
0
0
0
0
0
0
0
0
4.5554489439693055e-8
4.7155743139447785e-8
0
0
0
0
0
0
0
0
0
0
0
0
0
0
0
0
0
0
4.4004310590458794e-7
4.679258194217901e-7
0
0
0
0
0
0
0
0
0
0
0
0
0
0
0
0
0
0
4.235979169837251e-6
4.7320375387569054e-6
0
0
0
0
0
0
0
0
0
0
0
0
0
0
0
0
0
0
0.00004084252712181611
0.0000503188987279734
0
0
0
0
0
0
0
0
0
0
0
0
0
0
0
0
0
0
0.00040400492461363383
0.0006449764619454912
0
0
0
0
0
0
0
0
0
0
0
0
0
0
0
0
0
0.000019613056732899977
0.0045850510140006484
0.04469937601585921
0
0
0
0
0
0
0
0
0
0
0.
4.6994518705967225e-9
4.5554489439693055e-8
4.4004310590458794e-7
4.235979169837251e-6
0.00004084252712181611
0.00040400492461363383
0.0045850510140006484
0.2084531496396748
0.15200251848171292
0.00010141476720220956
0
0
0
0
0
0
0
0
0
0.
0.
4.7155743139447785e-8
4.679258194217901e-7
4.7320375387569054e-6
0.0000503188987279734
0.0006449764619454912
0.04469937601585921
0.15200251848171292
0.022175998246363272
0.016287613584703167
0
0
0
0
0
0
0
0
0
0
0
0
0
0
0
0
0
0.00010141476720220956
0.016287613584703167
0.07450162477329512
0.006971618957441918
0
0
0
0
0
0
0
0
0
0
0
0
0
0
0
0
0
0
0.006971618957441918
0.0412051733553414
0.0014136646313257569
0
0
0
0
0
0
0
0
0
0
0
0
0
0
0
0
0
0
0.0014136646313257569
0.014685956536965576
0.00023750981242328122
0
0
0
0
0
0
0
0
0
0
0
0
0
0
0
0
0
0
0.00023750981242328122
0.004408161778555006
0.000036590282450947044
0
0
0
0
0
0
0
0
0
0
0
0
0
0
0
0
0
0
0.000036590282450947044
0.0012740508006626073
5.321559163526922e-6
0
0
0
0
0
0
0
0
0
0
0
0
0
0
0
0
0
0
5.321559163526922e-6
0.0003225125551419145
0.
0
0
0
0
0
0
0
0
0
0
0
0
0
0
0
0
0
0
0.
0.0000453678570389151
0.
0
0
0
0
0
0
0
0
0
0
0
0
0
0
0
0
0
0
0.
2.3973340594152265e-6
0.
0
0
0
0
0
0
0
0
0
0
0
0
0
0
0
0
0
0
0.
0.
0
0
0
0
0
0
0
0
0
0
0
0
0
0
0
0
0
0
0
0
0
0
0
0
0
0
0
0
0
0
0.
0.
0
0
0
0
0
0
0
0
0
0
0
0
0
0
0
0
0
0
0.
0.
0
0
0
0
0
0
0
0
0
0
0
0
0
0
0
0
0
0
4.699451870596564e-9
0.
0
0
0
0
0
0
0
0
0
0
0
0
0
0
0
0
0
0
4.555448943965192e-8
4.715574313943108e-8
0
0
0
0
0
0
0
0
0
0
0
0
0
0
0
0
0
0
4.4004310590440636e-7
4.679258194217299e-7
0
0
0
0
0
0
0
0
0
0
0
0
0
0
0
0
0
0
4.23597916983741e-6
4.7320375387569e-6
0
0
0
0
0
0
0
0
0
0
0
0
0
0
0
0
0
0
0.00004084252712181539
0.00005031889872797271
0
0
0
0
0
0
0
0
0
0
0
0
0
0
0
0
0
0
0.00040400492461363383
0.0006449764619454913
0
0
0
0
0
0
0
0
0
0
0
0
0
0
0
0
0
0.000019613056732899977
0.0045850510140006484
0.04469937601585931
0
0
0
0
0
0
0
0
0
0.
0.
4.699451870596564e-9
4.555448943965192e-8
4.4004310590440636e-7
4.23597916983741e-6
0.00004084252712181539
0.00040400492461363383
0.0045850510140006484
0.2084531496396748
0.15200251848171595
0.00010141476720220816
0
0
0
0
0
0
0
0
0.
0.
0.
4.715574313943108e-8
4.679258194217299e-7
4.7320375387569e-6
0.00005031889872797271
0.0006449764619454913
0.04469937601585931
0.15200251848171595
0.022175998246363352
0.01628761358470318
0
0
0
0
0
0
0
0
0
0
0
0
0
0
0
0
0
0.00010141476720220816
0.01628761358470318
0.07450162477329499
0.0069716189574419345
0
0
0
0
0
0
0
0
0
0
0
0
0
0
0
0
0
0
0.0069716189574419345
0.04120517335534153
0.0014136646313257545
0
0
0
0
0
0
0
0
0
0
0
0
0
0
0
0
0
0
0.0014136646313257545
0.0146859565369655
0.00023750981242328176
0
0
0
0
0
0
0
0
0
0
0
0
0
0
0
0
0
0
0.00023750981242328176
0.0044081617785550215
0.00003659028245094695
0
0
0
0
0
0
0
0
0
0
0
0
0
0
0
0
0
0
0.00003659028245094695
0.0012740508006626025
5.321559163526933e-6
0
0
0
0
0
0
0
0
0
0
0
0
0
0
0
0
0
0
5.321559163526933e-6
0.00032251255514191703
0.
0
0
0
0
0
0
0
0
0
0
0
0
0
0
0
0
0
0
0.
0.000045367857038914874
0.
0
0
0
0
0
0
0
0
0
0
0
0
0
0
0
0
0
0
0.
2.3973340594152277e-6
0
0
0
0
0
0
0
0
0
0
0
0
0
0
0
0
0
0
0
0
0
0
0
0
0
0
0
0
0
0
0
0.
0.
0
0
0
0
0
0
0
0
0
0
0
0
0
0
0
0
0
0
0.
0.
0
0
0
0
0
0
0
0
0
0
0
0
0
0
0
0
0
0
0.
0.
0
0
0
0
0
0
0
0
0
0
0
0
0
0
0
0
0
0
4.6994518705756724e-9
0.
0
0
0
0
0
0
0
0
0
0
0
0
0
0
0
0
0
0
4.5554489439564544e-8
4.715574313924258e-8
0
0
0
0
0
0
0
0
0
0
0
0
0
0
0
0
0
0
4.400431059047941e-7
4.6792581942181035e-7
0
0
0
0
0
0
0
0
0
0
0
0
0
0
0
0
0
0
4.235979169837623e-6
4.732037538756656e-6
0
0
0
0
0
0
0
0
0
0
0
0
0
0
0
0
0
0
0.000040842527121813876
0.00005031889872797465
0
0
0
0
0
0
0
0
0
0
0
0
0
0
0
0
0
0
0.0004040049246136298
0.000644976461945491
0
0
0
0
0
0
0
0
0
0
0
0
0
0
0
0
0
0.00001961305673289988
0.004585051014000638
0.044699376015858765
0
0
0
0
0
0
0
0
0.
0.
0.
4.6994518705756724e-9
4.5554489439564544e-8
4.400431059047941e-7
4.235979169837623e-6
0.000040842527121813876
0.0004040049246136298
0.004585051014000638
0.2084531496396737
0.1520025184817115
0.00010141476720221094
0
0
0
0
0
0
0
0.
0.
0.
0.
4.715574313924258e-8
4.6792581942181035e-7
4.732037538756656e-6
0.00005031889872797465
0.000644976461945491
0.044699376015858765
0.1520025184817115
0.02217599824636319
0.01628761358470317
0
0
0
0
0
0
0
0
0
0
0
0
0
0
0
0
0
0.00010141476720221094
0.01628761358470317
0.0745016247732952
0.006971618957441927
0
0
0
0
0
0
0
0
0
0
0
0
0
0
0
0
0
0
0.006971618957441927
0.04120517335534148
0.0014136646313257593
0
0
0
0
0
0
0
0
0
0
0
0
0
0
0
0
0
0
0.0014136646313257593
0.014685956536965594
0.00023750981242328138
0
0
0
0
0
0
0
0
0
0
0
0
0
0
0
0
0
0
0.00023750981242328138
0.004408161778555021
0.000036590282450947044
0
0
0
0
0
0
0
0
0
0
0
0
0
0
0
0
0
0
0.000036590282450947044
0.0012740508006626099
5.321559163526935e-6
0
0
0
0
0
0
0
0
0
0
0
0
0
0
0
0
0
0
5.321559163526935e-6
0.00032251255514191644
0.
0
0
0
0
0
0
0
0
0
0
0
0
0
0
0
0
0
0
0.
0.00004536785703891513
0
0
0
0
0
0
0
0
0
0
0
0
0
0
0
0
0
0
0
0
0
0
0
0
0
0
0
0
0
0
0
0
0.
0.
0
0
0
0
0
0
0
0
0
0
0
0
0
0
0
0
0
0
0.
0.
0
0
0
0
0
0
0
0
0
0
0
0
0
0
0
0
0
0
0.
0.
0
0
0
0
0
0
0
0
0
0
0
0
0
0
0
0
0
0
0.
0.
0
0
0
0
0
0
0
0
0
0
0
0
0
0
0
0
0
0
4.6994518705967225e-9
0.
0
0
0
0
0
0
0
0
0
0
0
0
0
0
0
0
0
0
4.5554489439693055e-8
4.7155743139447785e-8
0
0
0
0
0
0
0
0
0
0
0
0
0
0
0
0
0
0
4.4004310590458794e-7
4.679258194217901e-7
0
0
0
0
0
0
0
0
0
0
0
0
0
0
0
0
0
0
4.235979169837217e-6
4.732037538756869e-6
0
0
0
0
0
0
0
0
0
0
0
0
0
0
0
0
0
0
0.00004084252712181554
0.00005031889872797271
0
0
0
0
0
0
0
0
0
0
0
0
0
0
0
0
0
0
0.0004040049246136352
0.0006449764619454916
0
0
0
0
0
0
0
0
0
0
0
0
0
0
0
0
0
0.00001961305691853653
0.004585051014000657
0.04469937601585986
0
0
0
0
0
0
0
0.
0.
0.
0.
4.6994518705967225e-9
4.5554489439693055e-8
4.4004310590458794e-7
4.235979169837217e-6
0.00004084252712181554
0.0004040049246136352
0.004585051014000657
0.2084531496396712
0.15200251848172572
0.0001014147672022084
0
0
0
0
0
0
0.
0.
0.
0.
0.
4.7155743139447785e-8
4.679258194217901e-7
4.732037538756869e-6
0.00005031889872797271
0.0006449764619454916
0.04469937601585986
0.15200251848172572
0.022175998246363328
0.016287613584703178
0
0
0
0
0
0
0
0
0
0
0
0
0
0
0
0
0
0.0001014147672022084
0.016287613584703178
0.074501624773295
0.0069716189574419345
0
0
0
0
0
0
0
0
0
0
0
0
0
0
0
0
0
0
0.0069716189574419345
0.04120517335534153
0.0014136646313257543
0
0
0
0
0
0
0
0
0
0
0
0
0
0
0
0
0
0
0.0014136646313257543
0.014685956536965531
0.00023750981242328165
0
0
0
0
0
0
0
0
0
0
0
0
0
0
0
0
0
0
0.00023750981242328165
0.004408161778555024
0.00003659028245094695
0
0
0
0
0
0
0
0
0
0
0
0
0
0
0
0
0
0
0.00003659028245094695
0.0012740508006626027
5.3215591635269335e-6
0
0
0
0
0
0
0
0
0
0
0
0
0
0
0
0
0
0
5.3215591635269335e-6
0.00032251255514191763
0
0
0
0
0
0
0
0
0
0
0
0
0
0
0
0
0
0
0
0
0
0
0
0
0
0
0
0
0
0
0
0
0
0.
0.
0
0
0
0
0
0
0
0
0
0
0
0
0
0
0
0
0
0
0.
0.
0
0
0
0
0
0
0
0
0
0
0
0
0
0
0
0
0
0
0.
0.
0
0
0
0
0
0
0
0
0
0
0
0
0
0
0
0
0
0
0.
0.
0
0
0
0
0
0
0
0
0
0
0
0
0
0
0
0
0
0
0.
0.
0
0
0
0
0
0
0
0
0
0
0
0
0
0
0
0
0
0
4.699451870556254e-9
0.
0
0
0
0
0
0
0
0
0
0
0
0
0
0
0
0
0
0
4.555448943959153e-8
4.7155743139240665e-8
0
0
0
0
0
0
0
0
0
0
0
0
0
0
0
0
0
0
4.4004310590481155e-7
4.6792581942188716e-7
0
0
0
0
0
0
0
0
0
0
0
0
0
0
0
0
0
0
4.2359791698374275e-6
4.7320375387564955e-6
0
0
0
0
0
0
0
0
0
0
0
0
0
0
0
0
0
0
0.000040842527121813775
0.00005031889872797506
0
0
0
0
0
0
0
0
0
0
0
0
0
0
0
0
0
0
0.00040400492461362965
0.0006449764619454936
0
0
0
0
0
0
0
0
0
0
0
0
0
0
0
0
0
0.000019613056918535616
0.004585051014000631
0.0446993760158591
0
0
0
0
0
0
0.
0.
0.
0.
0.
4.699451870556254e-9
4.555448943959153e-8
4.4004310590481155e-7
4.2359791698374275e-6
0.000040842527121813775
0.00040400492461362965
0.004585051014000631
0.2084531496396737
0.1520025184817115
0.00010141476720221094
0
0
0
0
0
0.
0.
0.
0.
0.
0.
4.7155743139240665e-8
4.6792581942188716e-7
4.7320375387564955e-6
0.00005031889872797506
0.0006449764619454936
0.0446993760158591
0.1520025184817115
0.02217599824636319
0.01628761358470317
0
0
0
0
0
0
0
0
0
0
0
0
0
0
0
0
0
0.00010141476720221094
0.01628761358470317
0.0745016247732952
0.006971618957441927
0
0
0
0
0
0
0
0
0
0
0
0
0
0
0
0
0
0
0.006971618957441927
0.04120517335534148
0.0014136646313257593
0
0
0
0
0
0
0
0
0
0
0
0
0
0
0
0
0
0
0.0014136646313257593
0.014685956536965595
0.0002375098124232814
0
0
0
0
0
0
0
0
0
0
0
0
0
0
0
0
0
0
0.0002375098124232814
0.004408161778555
0.000036590282450947146
0
0
0
0
0
0
0
0
0
0
0
0
0
0
0
0
0
0
0.000036590282450947146
0.0012740508006626084
0
0
0
0
0
0
0
0
0
0
0
0
0
0
0
0
0
0
0
0
0
0
0
0
0
0
0
0
0
0
0
0
0
0
0.
0.
0
0
0
0
0
0
0
0
0
0
0
0
0
0
0
0
0
0
0.
0.
0
0
0
0
0
0
0
0
0
0
0
0
0
0
0
0
0
0
0.
0.
0
0
0
0
0
0
0
0
0
0
0
0
0
0
0
0
0
0
0.
0.
0
0
0
0
0
0
0
0
0
0
0
0
0
0
0
0
0
0
0.
0.
0
0
0
0
0
0
0
0
0
0
0
0
0
0
0
0
0
0
0.
0.
0
0
0
0
0
0
0
0
0
0
0
0
0
0
0
0
0
0
4.699451870596564e-9
0.
0
0
0
0
0
0
0
0
0
0
0
0
0
0
0
0
0
0
4.555448943965192e-8
4.715574313943108e-8
0
0
0
0
0
0
0
0
0
0
0
0
0
0
0
0
0
0
4.4004310590458794e-7
4.679258194217901e-7
0
0
0
0
0
0
0
0
0
0
0
0
0
0
0
0
0
0
4.235979169837217e-6
4.732037538756869e-6
0
0
0
0
0
0
0
0
0
0
0
0
0
0
0
0
0
0
0.000040842527121815245
0.00005031889872797329
0
0
0
0
0
0
0
0
0
0
0
0
0
0
0
0
0
0
0.00040400492461363074
0.0006449764619454911
0
0
0
0
0
0
0
0
0
0
0
0
0
0
0
0
0
0.00001961305691853653
0.004585051014000657
0.044699376015859764
0
0
0
0
0
0.
0.
0.
0.
0.
0.
4.699451870596564e-9
4.555448943965192e-8
4.4004310590458794e-7
4.235979169837217e-6
0.000040842527121815245
0.00040400492461363074
0.004585051014000657
0.2084531496396712
0.15200251848172586
0.00010141476720220814
0
0
0
0
0.
0.
0.
0.
0.
0.
0.
4.715574313943108e-8
4.679258194217901e-7
4.732037538756869e-6
0.00005031889872797329
0.0006449764619454911
0.044699376015859764
0.15200251848172586
0.022175998246363352
0.016287613584703174
0
0
0
0
0
0
0
0
0
0
0
0
0
0
0
0
0
0.00010141476720220814
0.016287613584703174
0.074501624773295
0.006971618957441924
0
0
0
0
0
0
0
0
0
0
0
0
0
0
0
0
0
0
0.006971618957441924
0.04120517335534142
0.0014136646313257543
0
0
0
0
0
0
0
0
0
0
0
0
0
0
0
0
0
0
0.0014136646313257543
0.014685956536965531
0.00023750981242328165
0
0
0
0
0
0
0
0
0
0
0
0
0
0
0
0
0
0
0.00023750981242328165
0.004408161778555015
0
0
0
0
0
0
0
0
0
0
0
0
0
0
0
0
0
0
0
0
0
0
0
0
0
0
0
0
0
0
0
0
0
0
0
0.
0.
0
0
0
0
0
0
0
0
0
0
0
0
0
0
0
0
0
0
0.
0.
0
0
0
0
0
0
0
0
0
0
0
0
0
0
0
0
0
0
0.
0.
0
0
0
0
0
0
0
0
0
0
0
0
0
0
0
0
0
0
0.
0.
0
0
0
0
0
0
0
0
0
0
0
0
0
0
0
0
0
0
0.
0.
0
0
0
0
0
0
0
0
0
0
0
0
0
0
0
0
0
0
0.
0.
0
0
0
0
0
0
0
0
0
0
0
0
0
0
0
0
0
0
0.
0.
0
0
0
0
0
0
0
0
0
0
0
0
0
0
0
0
0
0
4.699451870556254e-9
0.
0
0
0
0
0
0
0
0
0
0
0
0
0
0
0
0
0
0
4.555448943968489e-8
4.715574313937978e-8
0
0
0
0
0
0
0
0
0
0
0
0
0
0
0
0
0
0
4.4004310590448894e-7
4.6792581942185265e-7
0
0
0
0
0
0
0
0
0
0
0
0
0
0
0
0
0
0
4.235979169837566e-6
4.732037538757023e-6
0
0
0
0
0
0
0
0
0
0
0
0
0
0
0
0
0
0
0.00004084252712181446
0.00005031889872797343
0
0
0
0
0
0
0
0
0
0
0
0
0
0
0
0
0
0
0.00040400492461362965
0.0006449764619454936
0
0
0
0
0
0
0
0
0
0
0
0
0
0
0
0
0
0.000019613056918535616
0.004585051014000631
0.04469937601585903
0
0
0
0
0.
0.
0.
0.
0.
0.
0.
4.699451870556254e-9
4.555448943968489e-8
4.4004310590448894e-7
4.235979169837566e-6
0.00004084252712181446
0.00040400492461362965
0.004585051014000631
0.2084531496396737
0.15200251848171148
0.00010141476720221064
0
0
0
0.
0.
0.
0.
0.
0.
0.
0.
4.715574313937978e-8
4.6792581942185265e-7
4.732037538757023e-6
0.00005031889872797343
0.0006449764619454936
0.04469937601585903
0.15200251848171148
0.022175998246363224
0.016287613584703178
0
0
0
0
0
0
0
0
0
0
0
0
0
0
0
0
0
0.00010141476720221064
0.016287613584703178
0.07450162477329511
0.0069716189574419276
0
0
0
0
0
0
0
0
0
0
0
0
0
0
0
0
0
0
0.0069716189574419276
0.04120517335534148
0.0014136646313257593
0
0
0
0
0
0
0
0
0
0
0
0
0
0
0
0
0
0
0.0014136646313257593
0.014685956536965594
0
0
0
0
0
0
0
0
0
0
0
0
0
0
0
0
0
0
0
0
0
0
0
0
0
0
0
0
0
0
0
0
0
0
0
0
0.
0.
0
0
0
0
0
0
0
0
0
0
0
0
0
0
0
0
0
0
0.
0.
0
0
0
0
0
0
0
0
0
0
0
0
0
0
0
0
0
0
0.
0.
0
0
0
0
0
0
0
0
0
0
0
0
0
0
0
0
0
0
0.
0.
0
0
0
0
0
0
0
0
0
0
0
0
0
0
0
0
0
0
0.
0.
0
0
0
0
0
0
0
0
0
0
0
0
0
0
0
0
0
0
0.
0.
0
0
0
0
0
0
0
0
0
0
0
0
0
0
0
0
0
0
0.
0.
0
0
0
0
0
0
0
0
0
0
0
0
0
0
0
0
0
0
0.
0.
0
0
0
0
0
0
0
0
0
0
0
0
0
0
0
0
0
0
4.699451870604684e-9
0.
0
0
0
0
0
0
0
0
0
0
0
0
0
0
0
0
0
0
4.555448943965192e-8
4.715574313943108e-8
0
0
0
0
0
0
0
0
0
0
0
0
0
0
0
0
0
0
4.4004310590450223e-7
4.6792581942154893e-7
0
0
0
0
0
0
0
0
0
0
0
0
0
0
0
0
0
0
4.235979169836964e-6
4.732037538756918e-6
0
0
0
0
0
0
0
0
0
0
0
0
0
0
0
0
0
0
0.000040842527121815245
0.00005031889872797329
0
0
0
0
0
0
0
0
0
0
0
0
0
0
0
0
0
0
0.0004040049246136288
0.0006449764619454934
0
0
0
0
0
0
0
0
0
0
0
0
0
0
0
0
0
0.000019613056918536202
0.004585051014000655
0.04469937601585993
0
0
0
0.
0.
0.
0.
0.
0.
0.
0.
4.699451870604684e-9
4.555448943965192e-8
4.4004310590450223e-7
4.235979169836964e-6
0.000040842527121815245
0.0004040049246136288
0.004585051014000655
0.2084531496396717
0.1520025184817252
0.0001014147672022084
0
0
0.
0.
0.
0.
0.
0.
0.
0.
0.
4.715574313943108e-8
4.6792581942154893e-7
4.732037538756918e-6
0.00005031889872797329
0.0006449764619454934
0.04469937601585993
0.1520025184817252
0.022175998246363328
0.016287613584703178
0
0
0
0
0
0
0
0
0
0
0
0
0
0
0
0
0
0.0001014147672022084
0.016287613584703178
0.074501624773295
0.0069716189574419345
0
0
0
0
0
0
0
0
0
0
0
0
0
0
0
0
0
0
0.0069716189574419345
0.04120517335534153
0
0
0
0
0
0
0
0
0
0
0
0
0
0
0
0
0
0
0
0
0
0
0
0
0
0
0
0
0
0
0
0
0
0
0
0
0
0.
0.
0
0
0
0
0
0
0
0
0
0
0
0
0
0
0
0
0
0
0.
0.
0
0
0
0
0
0
0
0
0
0
0
0
0
0
0
0
0
0
0.
0.
0
0
0
0
0
0
0
0
0
0
0
0
0
0
0
0
0
0
0.
0.
0
0
0
0
0
0
0
0
0
0
0
0
0
0
0
0
0
0
0.
0.
0
0
0
0
0
0
0
0
0
0
0
0
0
0
0
0
0
0
0.
0.
0
0
0
0
0
0
0
0
0
0
0
0
0
0
0
0
0
0
0.
0.
0
0
0
0
0
0
0
0
0
0
0
0
0
0
0
0
0
0
0.
0.
0
0
0
0
0
0
0
0
0
0
0
0
0
0
0
0
0
0
0.
0.
0
0
0
0
0
0
0
0
0
0
0
0
0
0
0
0
0
0
4.6994518705756724e-9
0.
0
0
0
0
0
0
0
0
0
0
0
0
0
0
0
0
0
0
4.55544894397148e-8
4.715574313943053e-8
0
0
0
0
0
0
0
0
0
0
0
0
0
0
0
0
0
0
4.4004310590465104e-7
4.6792581942184894e-7
0
0
0
0
0
0
0
0
0
0
0
0
0
0
0
0
0
0
4.235979169837778e-6
4.732037538757179e-6
0
0
0
0
0
0
0
0
0
0
0
0
0
0
0
0
0
0
0.00004084252712181446
0.00005031889872797343
0
0
0
0
0
0
0
0
0
0
0
0
0
0
0
0
0
0
0.00040400492461362965
0.0006449764619454936
0
0
0
0
0
0
0
0
0
0
0
0
0
0
0
0
0
0.000019613056918535616
0.004585051014000631
0.0446993760158591
0
0
0.
0.
0.
0.
0.
0.
0.
0.
0.
4.6994518705756724e-9
4.55544894397148e-8
4.4004310590465104e-7
4.235979169837778e-6
0.00004084252712181446
0.00040400492461362965
0.004585051014000631
0.2084531496396737
0.1520025184817115
0.00010141476720221094
0
0.
0.
0.
0.
0.
0.
0.
0.
0.
0.
4.715574313943053e-8
4.6792581942184894e-7
4.732037538757179e-6
0.00005031889872797343
0.0006449764619454936
0.0446993760158591
0.1520025184817115
0.02217599824636319
0.01628761358470317
0
0
0
0
0
0
0
0
0
0
0
0
0
0
0
0
0
0.00010141476720221094
0.01628761358470317
0.0745016247732952
0
0
0
0
0
0
0
0
0
0
0
0
0
0
0
0
0
0
0
0
0
0
0
0
0
0
0
0
0
0
0
0
0
0
0
0
0
0
0.
0.
0
0
0
0
0
0
0
0
0
0
0
0
0
0
0
0
0
0
0.
0.
0
0
0
0
0
0
0
0
0
0
0
0
0
0
0
0
0
0
0.
0.
0
0
0
0
0
0
0
0
0
0
0
0
0
0
0
0
0
0
0.
0.
0
0
0
0
0
0
0
0
0
0
0
0
0
0
0
0
0
0
0.
0.
0
0
0
0
0
0
0
0
0
0
0
0
0
0
0
0
0
0
0.
0.
0
0
0
0
0
0
0
0
0
0
0
0
0
0
0
0
0
0
0.
0.
0
0
0
0
0
0
0
0
0
0
0
0
0
0
0
0
0
0
0.
0.
0
0
0
0
0
0
0
0
0
0
0
0
0
0
0
0
0
0
0.
0.
0
0
0
0
0
0
0
0
0
0
0
0
0
0
0
0
0
0
0.
0.
0
0
0
0
0
0
0
0
0
0
0
0
0
0
0
0
0
0
4.6994518706202856e-9
0.
0
0
0
0
0
0
0
0
0
0
0
0
0
0
0
0
0
0
4.555448943966401e-8
4.7155743139484955e-8
0
0
0
0
0
0
0
0
0
0
0
0
0
0
0
0
0
0
4.4004310590458037e-7
4.6792581942203746e-7
0
0
0
0
0
0
0
0
0
0
0
0
0
0
0
0
0
0
4.2359791698372056e-6
4.732037538756425e-6
0
0
0
0
0
0
0
0
0
0
0
0
0
0
0
0
0
0
0.00004084252712181509
0.00005031889872797378
0
0
0
0
0
0
0
0
0
0
0
0
0
0
0
0
0
0
0.00040400492461363047
0.000644976461945494
0
0
0
0
0
0
0
0
0
0
0
0
0
0
0
0
0
0.00001961305691853653
0.004585051014000667
0.04469937601586043
0
0.
0.
0.
0.
0.
0.
0.
0.
0.
0.
4.6994518706202856e-9
4.555448943966401e-8
4.4004310590458037e-7
4.2359791698372056e-6
0.00004084252712181509
0.00040400492461363047
0.004585051014000667
0.2084531496396712
0.15200251848172597
0
0.
0.
0.
0.
0.
0.
0.
0.
0.
0.
0.
4.7155743139484955e-8
4.6792581942203746e-7
4.732037538756425e-6
0.00005031889872797378
0.000644976461945494
0.04469937601586043
0.15200251848172597
0.02217599824636338
0
0
0
0
0
0
0
0
0
0
0
0
0
0
0
0
0
0
0
0
0
0
0
0
0
0
0
0
0
0
0
0
0
0
0
0
0
0
0
0.
0
0
0
0
0
0
0
0
0
0
0
0
0
0
0
0
0
0
0
0.
0
0
0
0
0
0
0
0
0
0
0
0
0
0
0
0
0
0
0
0.
0
0
0
0
0
0
0
0
0
0
0
0
0
0
0
0
0
0
0
0.
0
0
0
0
0
0
0
0
0
0
0
0
0
0
0
0
0
0
0
0.
0
0
0
0
0
0
0
0
0
0
0
0
0
0
0
0
0
0
0
0.
0
0
0
0
0
0
0
0
0
0
0
0
0
0
0
0
0
0
0
0.
0
0
0
0
0
0
0
0
0
0
0
0
0
0
0
0
0
0
0
0.
0
0
0
0
0
0
0
0
0
0
0
0
0
0
0
0
0
0
0
0.
0
0
0
0
0
0
0
0
0
0
0
0
0
0
0
0
0
0
0
0.
0
0
0
0
0
0
0
0
0
0
0
0
0
0
0
0
0
0
0
0.
0
0
0
0
0
0
0
0
0
0
0
0
0
0
0
0
0
0
0
4.699451870580474e-9
0
0
0
0
0
0
0
0
0
0
0
0
0
0
0
0
0
0
0
4.555448943965077e-8
0
0
0
0
0
0
0
0
0
0
0
0
0
0
0
0
0
0
0
4.400431059045928e-7
0
0
0
0
0
0
0
0
0
0
0
0
0
0
0
0
0
0
0
4.235979169837778e-6
0
0
0
0
0
0
0
0
0
0
0
0
0
0
0
0
0
0
0
0.00004084252712181446
0
0
0
0
0
0
0
0
0
0
0
0
0
0
0
0
0
0
0
0.00040400492461362245
0
0
0
0
0
0
0
0
0
0
0
0
0
0
0
0
0
0
0.0000196130567328996
0.00458505101400064
0
0.
0.
0.
0.
0.
0.
0.
0.
0.
0.
0.
4.699451870580474e-9
4.555448943965077e-8
4.400431059045928e-7
4.235979169837778e-6
0.00004084252712181446
0.00040400492461362245
0.00458505101400064
0.20845314963967346
0
0
0
0
0
0
0
0
0
0
0
0
0
0
0
0
0
0
0
0
0