15
15
0.000125663706
0.00027217647058801545
0.000589510157704157
0.0012768268516583608
0.002765494008559481
0.0059898153782128845
0.012973410231238932
0.02809925889205482
0.06086050901107745
0.13181847860531173
0.28550716358051353
0.6183832594507385
1.3393634358357616
2.900942717704153
6.2831853
0.000125663706
0.00027217647058801545
0.000589510157704157
0.0012768268516583608
0.002765494008559481
0.0059898153782128845
0.012973410231238932
0.02809925889205482
0.06086050901107745
0.13181847860531173
0.28550716358051353
0.6183832594507385
1.3393634358357616
2.900942717704153
6.2831853
0.0605715951829724
0.014619102509179627
0
0
0
0
0
0
0
0
0
0
0
0
0
0.014619102509179627
0.0843124745215962
0.0022927345914581882
0
0
0
0
0
0
0
0
0
0
0
0
0
0.0022927345914581882
0.02380403458273493
0.0002082905089950833
0
0
0
0
0
0
0
0
0
0
0
0
0
0.0002082905089950833
0.004674311648487595
0.000015981742078191256
0
0
0
0
0
0
0
0
0
0
0
0
0
0.000015981742078191256
0.0008191775441621817
0.
0
0
0
0
0
0
0
0
0
0
0
0
0
0.
0.000018230581682207084
0.
0
0
0
0
0
0
0
0
0
0
0
0
0
0.
0.
0.
0
0
0
0
0
0
0
0
0
0
0
0
0
0.
0.
0.
0
0
0
0
0
0
0
0
0
0
0
0
0
0.
0.
0.
0
0
0
0
0
0
0
0
0
0
0
0
0
0.
0.
0.
0
0
0
0
0
0
0
0
0
0
0
0
0
0.
0.
0.
0
0
0
0
0
0
0
0
0
0
0
0
0
0.
0.
0.
0
0
0
0
0
0
0
0
0
0
0
0
0
0.
0.
0.
0
0
0
0
0
0
0
0
0
0
0
0
0
0.
0.
0
0
0
0
0
0
0
0
0
0
0
0
0
0
0
0
0.21437500487941558
0.1874892702561969
0
0
0
0
0
0
0
0
0
0
0
0
0
0.1874892702561969
0.06057159518297236
0.014619102509179624
0
0
0
0
0
0
0
0
0
0
0
0
0
0.014619102509179624
0.08431247452159617
0.002292734591458191
0
0
0
0
0
0
0
0
0
0
0
0
0
0.002292734591458191
0.023804034582734966
0.00020829050899508374
0
0
0
0
0
0
0
0
0
0
0
0
0
0.00020829050899508374
0.004674311648487598
0.0000159817420781912
0
0
0
0
0
0
0
0
0
0
0
0
0
0.0000159817420781912
0.0008191775441621805
0.
0
0
0
0
0
0
0
0
0
0
0
0
0
0.
0.000018230581682207054
0.
0
0
0
0
0
0
0
0
0
0
0
0
0
0.
0.
0.
0
0
0
0
0
0
0
0
0
0
0
0
0
0.
0.
0.
0
0
0
0
0
0
0
0
0
0
0
0
0
0.
0.
0.
0
0
0
0
0
0
0
0
0
0
0
0
0
0.
0.
0.
0
0
0
0
0
0
0
0
0
0
0
0
0
0.
0.
0.
0
0
0
0
0
0
0
0
0
0
0
0
0
0.
0.
0.
0
0
0
0
0
0
0
0
0
0
0
0
0
0.
0.
0
0
0
0
0
0
0
0
0
0
0
0
0
0
0
0
0
0.0019716525559911385
0.009858736291441388
0
0
0
0
0
0
0
0
0
0
0
0
0.0019716525559911385
0.21437500487941571
0.1874892702561969
0
0
0
0
0
0
0
0
0
0
0
0
0.009858736291441388
0.1874892702561969
0.06057159518297248
0.014619102509179627
0
0
0
0
0
0
0
0
0
0
0
0
0
0.014619102509179627
0.08431247452159607
0.002292734591458191
0
0
0
0
0
0
0
0
0
0
0
0
0
0.002292734591458191
0.023804034582734904
0.00020829050899508292
0
0
0
0
0
0
0
0
0
0
0
0
0
0.00020829050899508292
0.004674311648487591
0.00001598174207819121
0
0
0
0
0
0
0
0
0
0
0
0
0
0.00001598174207819121
0.0008191775441621793
0.
0
0
0
0
0
0
0
0
0
0
0
0
0
0.
0.000018230581682207104
0.
0
0
0
0
0
0
0
0
0
0
0
0
0
0.
0.
0.
0
0
0
0
0
0
0
0
0
0
0
0
0
0.
0.
0.
0
0
0
0
0
0
0
0
0
0
0
0
0
0.
0.
0.
0
0
0
0
0
0
0
0
0
0
0
0
0
0.
0.
0.
0
0
0
0
0
0
0
0
0
0
0
0
0
0.
0.
0.
0
0
0
0
0
0
0
0
0
0
0
0
0
0.
0.
0
0
0
0
0
0
0
0
0
0
0
0
0
0
0
0
0
0
0.00008325027679912387
0.00010676424168189007
0
0
0
0
0
0
0
0
0
0
0
0
0
0.0019716525559911376
0.009858736291441584
0
0
0
0
0
0
0
0
0
0
0
0.00008325027679912387
0.0019716525559911376
0.21437500487941866
0.18748927025619272
0
0
0
0
0
0
0
0
0
0
0
0.00010676424168189007
0.009858736291441584
0.18748927025619272
0.06057159518297236
0.014619102509179624
0
0
0
0
0
0
0
0
0
0
0
0
0
0.014619102509179624
0.08431247452159617
0.002292734591458191
0
0
0
0
0
0
0
0
0
0
0
0
0
0.002292734591458191
0.023804034582734966
0.00020829050899508374
0
0
0
0
0
0
0
0
0
0
0
0
0
0.00020829050899508374
0.004674311648487598
0.0000159817420781912
0
0
0
0
0
0
0
0
0
0
0
0
0
0.0000159817420781912
0.0008191775441621805
0.
0
0
0
0
0
0
0
0
0
0
0
0
0
0.
0.000018230581682207088
0.
0
0
0
0
0
0
0
0
0
0
0
0
0
0.
0.
0.
0
0
0
0
0
0
0
0
0
0
0
0
0
0.
0.
0.
0
0
0
0
0
0
0
0
0
0
0
0
0
0.
0.
0.
0
0
0
0
0
0
0
0
0
0
0
0
0
0.
0.
0.
0
0
0
0
0
0
0
0
0
0
0
0
0
0.
0.
0
0
0
0
0
0
0
0
0
0
0
0
0
0
0
0
0
0
0
3.835290429292e-6
4.254016513188562e-6
0
0
0
0
0
0
0
0
0
0
0
0
0
0.00008325027679912528
0.00010676424168188931
0
0
0
0
0
0
0
0
0
0
0
0
0
0.00197165255599114
0.00985873629144142
0
0
0
0
0
0
0
0
0
0
3.835290429292e-6
0.00008325027679912528
0.00197165255599114
0.21437500487941571
0.1874892702561969
0
0
0
0
0
0
0
0
0
0
4.254016513188562e-6
0.00010676424168188931
0.00985873629144142
0.1874892702561969
0.06057159518297248
0.01461910250917962
0
0
0
0
0
0
0
0
0
0
0
0
0
0.01461910250917962
0.08431247452159615
0.002292734591458191
0
0
0
0
0
0
0
0
0
0
0
0
0
0.002292734591458191
0.023804034582734925
0.00020829050899508317
0
0
0
0
0
0
0
0
0
0
0
0
0
0.00020829050899508317
0.004674311648487595
0.00001598174207819121
0
0
0
0
0
0
0
0
0
0
0
0
0
0.00001598174207819121
0.0008191775441621828
0.
0
0
0
0
0
0
0
0
0
0
0
0
0
0.
0.000018230581682207074
0.
0
0
0
0
0
0
0
0
0
0
0
0
0
0.
0.
0.
0
0
0
0
0
0
0
0
0
0
0
0
0
0.
0.
0.
0
0
0
0
0
0
0
0
0
0
0
0
0
0.
0.
0.
0
0
0
0
0
0
0
0
0
0
0
0
0
0.
0.
0
0
0
0
0
0
0
0
0
0
0
0
0
0
0
0
0
0
0
0
1.7722825271013968e-7
1.8573125771959553e-7
0
0
0
0
0
0
0
0
0
0
0
0
0
3.835290429291921e-6
4.254016513188786e-6
0
0
0
0
0
0
0
0
0
0
0
0
0
0.00008325027679912414
0.00010676424168189041
0
0
0
0
0
0
0
0
0
0
0
0
0
0.0019716525559911376
0.009858736291441418
0
0
0
0
0
0
0
0
0
1.7722825271013968e-7
3.835290429291921e-6
0.00008325027679912414
0.0019716525559911376
0.21437500487941866
0.18748927025619283
0
0
0
0
0
0
0
0
0
1.8573125771959553e-7
4.254016513188786e-6
0.00010676424168189041
0.009858736291441418
0.18748927025619283
0.060571595182972386
0.014619102509179631
0
0
0
0
0
0
0
0
0
0
0
0
0
0.014619102509179631
0.08431247452159621
0.0022927345914581882
0
0
0
0
0
0
0
0
0
0
0
0
0
0.0022927345914581882
0.023804034582734907
0.00020829050899508339
0
0
0
0
0
0
0
0
0
0
0
0
0
0.00020829050899508339
0.004674311648487595
0.000015981742078191222
0
0
0
0
0
0
0
0
0
0
0
0
0
0.000015981742078191222
0.0008191775441621801
0.
0
0
0
0
0
0
0
0
0
0
0
0
0
0.
0.00001823058168220708
0.
0
0
0
0
0
0
0
0
0
0
0
0
0
0.
0.
0.
0
0
0
0
0
0
0
0
0
0
0
0
0
0.
0.
0.
0
0
0
0
0
0
0
0
0
0
0
0
0
0.
0.
0
0
0
0
0
0
0
0
0
0
0
0
0
0
0
0
0
0
0
0
0
8.136043427865809e-9
0.
0
0
0
0
0
0
0
0
0
0
0
0
0
1.7722825270993724e-7
1.8573125771948338e-7
0
0
0
0
0
0
0
0
0
0
0
0
0
3.835290429291893e-6
4.254016513188491e-6
0
0
0
0
0
0
0
0
0
0
0
0
0
0.00008325027679912495
0.0001067642416818893
0
0
0
0
0
0
0
0
0
0
0
0
0
0.001971652555991142
0.00985873629144148
0
0
0
0
0
0
0
0
8.136043427865809e-9
1.7722825270993724e-7
3.835290429291893e-6
0.00008325027679912495
0.001971652555991142
0.21437500487941608
0.1874892702561951
0
0
0
0
0
0
0
0
0.
1.8573125771948338e-7
4.254016513188491e-6
0.0001067642416818893
0.00985873629144148
0.1874892702561951
0.06057159518297248
0.014619102509179627
0
0
0
0
0
0
0
0
0
0
0
0
0
0.014619102509179627
0.08431247452159607
0.0022927345914581895
0
0
0
0
0
0
0
0
0
0
0
0
0
0.0022927345914581895
0.02380403458273496
0.00020829050899508263
0
0
0
0
0
0
0
0
0
0
0
0
0
0.00020829050899508263
0.00467431164848759
0.000015981742078191222
0
0
0
0
0
0
0
0
0
0
0
0
0
0.000015981742078191222
0.0008191775441621801
0.
0
0
0
0
0
0
0
0
0
0
0
0
0
0.
0.000018230581682207104
0.
0
0
0
0
0
0
0
0
0
0
0
0
0
0.
0.
0.
0
0
0
0
0
0
0
0
0
0
0
0
0
0.
0.
0
0
0
0
0
0
0
0
0
0
0
0
0
0
0
0
0
0
0
0
0
0
0.
0.
0
0
0
0
0
0
0
0
0
0
0
0
0
8.136043427853444e-9
0.
0
0
0
0
0
0
0
0
0
0
0
0
0
1.7722825271013968e-7
1.8573125771959553e-7
0
0
0
0
0
0
0
0
0
0
0
0
0
3.835290429291921e-6
4.254016513188786e-6
0
0
0
0
0
0
0
0
0
0
0
0
0
0.0000832502767991236
0.00010676424168189033
0
0
0
0
0
0
0
0
0
0
0
0
0
0.0019716525559911363
0.009858736291441583
0
0
0
0
0
0
0
0.
8.136043427853444e-9
1.7722825271013968e-7
3.835290429291921e-6
0.0000832502767991236
0.0019716525559911363
0.21437500487941866
0.18748927025619272
0
0
0
0
0
0
0
0.
0.
1.8573125771959553e-7
4.254016513188786e-6
0.00010676424168189033
0.009858736291441583
0.18748927025619272
0.06057159518297236
0.01461910250917962
0
0
0
0
0
0
0
0
0
0
0
0
0
0.01461910250917962
0.08431247452159643
0.0022927345914581874
0
0
0
0
0
0
0
0
0
0
0
0
0
0.0022927345914581874
0.02380403458273487
0.00020829050899508317
0
0
0
0
0
0
0
0
0
0
0
0
0
0.00020829050899508317
0.0046743116484875905
0.000015981742078191266
0
0
0
0
0
0
0
0
0
0
0
0
0
0.000015981742078191266
0.000819177544162182
0.
0
0
0
0
0
0
0
0
0
0
0
0
0
0.
0.000018230581682207047
0.
0
0
0
0
0
0
0
0
0
0
0
0
0
0.
0.
0
0
0
0
0
0
0
0
0
0
0
0
0
0
0
0
0
0
0
0
0
0
0
0.
0.
0
0
0
0
0
0
0
0
0
0
0
0
0
0.
0.
0
0
0
0
0
0
0
0
0
0
0
0
0
8.136043427877007e-9
0.
0
0
0
0
0
0
0
0
0
0
0
0
0
1.7722825271005974e-7
1.8573125771950652e-7
0
0
0
0
0
0
0
0
0
0
0
0
0
3.835290429292338e-6
4.254016513188394e-6
0
0
0
0
0
0
0
0
0
0
0
0
0
0.00008325027679912528
0.00010676424168188991
0
0
0
0
0
0
0
0
0
0
0
0
0
0.00197165255599114
0.009858736291441489
0
0
0
0
0
0
0.
0.
8.136043427877007e-9
1.7722825271005974e-7
3.835290429292338e-6
0.00008325027679912528
0.00197165255599114
0.21437500487941574
0.18748927025619533
0
0
0
0
0
0
0.
0.
0.
1.8573125771950652e-7
4.254016513188394e-6
0.00010676424168188991
0.009858736291441489
0.18748927025619533
0.060571595182972574
0.014619102509179605
0
0
0
0
0
0
0
0
0
0
0
0
0
0.014619102509179605
0.08431247452159615
0.002292734591458185
0
0
0
0
0
0
0
0
0
0
0
0
0
0.002292734591458185
0.02380403458273496
0.00020829050899508325
0
0
0
0
0
0
0
0
0
0
0
0
0
0.00020829050899508325
0.004674311648487595
0.000015981742078191256
0
0
0
0
0
0
0
0
0
0
0
0
0
0.000015981742078191256
0.0008191775441621839
0.
0
0
0
0
0
0
0
0
0
0
0
0
0
0.
0.0000182305816822071
0
0
0
0
0
0
0
0
0
0
0
0
0
0
0
0
0
0
0
0
0
0
0
0
0.
0.
0
0
0
0
0
0
0
0
0
0
0
0
0
0.
0.
0
0
0
0
0
0
0
0
0
0
0
0
0
0.
0.
0
0
0
0
0
0
0
0
0
0
0
0
0
8.136043427852741e-9
0.
0
0
0
0
0
0
0
0
0
0
0
0
0
1.772282527103486e-7
1.8573125771986073e-7
0
0
0
0
0
0
0
0
0
0
0
0
0
3.83529042929215e-6
4.2540165131884914e-6
0
0
0
0
0
0
0
0
0
0
0
0
0
0.0000832502767991262
0.000106764241681888
0
0
0
0
0
0
0
0
0
0
0
0
0
0.0019716525559911368
0.009858736291441409
0
0
0
0
0
0.
0.
0.
8.136043427852741e-9
1.772282527103486e-7
3.83529042929215e-6
0.0000832502767991262
0.0019716525559911368
0.21437500487942246
0.1874892702561935
0
0
0
0
0
0.
0.
0.
0.
1.8573125771986073e-7
4.2540165131884914e-6
0.000106764241681888
0.009858736291441409
0.1874892702561935
0.06057159518297236
0.014619102509179622
0
0
0
0
0
0
0
0
0
0
0
0
0
0.014619102509179622
0.08431247452159615
0.0022927345914581948
0
0
0
0
0
0
0
0
0
0
0
0
0
0.0022927345914581948
0.023804034582734997
0.00020829050899508368
0
0
0
0
0
0
0
0
0
0
0
0
0
0.00020829050899508368
0.004674311648487613
0.000015981742078191222
0
0
0
0
0
0
0
0
0
0
0
0
0
0.000015981742078191222
0.0008191775441621817
0
0
0
0
0
0
0
0
0
0
0
0
0
0
0
0
0
0
0
0
0
0
0
0
0
0.
0.
0
0
0
0
0
0
0
0
0
0
0
0
0
0.
0.
0
0
0
0
0
0
0
0
0
0
0
0
0
0.
0.
0
0
0
0
0
0
0
0
0
0
0
0
0
0.
0.
0
0
0
0
0
0
0
0
0
0
0
0
0
8.13604342786177e-9
0.
0
0
0
0
0
0
0
0
0
0
0
0
0
1.7722825271030769e-7
1.857312577197421e-7
0
0
0
0
0
0
0
0
0
0
0
0
0
3.8352904292917345e-6
4.254016513188428e-6
0
0
0
0
0
0
0
0
0
0
0
0
0
0.00008325027679912604
0.00010676424168188721
0
0
0
0
0
0
0
0
0
0
0
0
0
0.001971652555991141
0.009858736291441511
0
0
0
0
0.
0.
0.
0.
8.13604342786177e-9
1.7722825271030769e-7
3.8352904292917345e-6
0.00008325027679912604
0.001971652555991141
0.21437500487941608
0.18748927025619677
0
0
0
0
0.
0.
0.
0.
0.
1.857312577197421e-7
4.254016513188428e-6
0.00010676424168188721
0.009858736291441511
0.18748927025619677
0.060571595182972386
0.01461910250917964
0
0
0
0
0
0
0
0
0
0
0
0
0
0.01461910250917964
0.08431247452159615
0.0022927345914581987
0
0
0
0
0
0
0
0
0
0
0
0
0
0.0022927345914581987
0.023804034582734952
0.00020829050899508298
0
0
0
0
0
0
0
0
0
0
0
0
0
0.00020829050899508298
0.0046743116484875905
0
0
0
0
0
0
0
0
0
0
0
0
0
0
0
0
0
0
0
0
0
0
0
0
0
0
0.
0.
0
0
0
0
0
0
0
0
0
0
0
0
0
0.
0.
0
0
0
0
0
0
0
0
0
0
0
0
0
0.
0.
0
0
0
0
0
0
0
0
0
0
0
0
0
0.
0.
0
0
0
0
0
0
0
0
0
0
0
0
0
0.
0.
0
0
0
0
0
0
0
0
0
0
0
0
0
8.136043427883542e-9
0.
0
0
0
0
0
0
0
0
0
0
0
0
0
1.7722825270998362e-7
1.8573125771951766e-7
0
0
0
0
0
0
0
0
0
0
0
0
0
3.8352904292918234e-6
4.254016513188434e-6
0
0
0
0
0
0
0
0
0
0
0
0
0
0.00008325027679912472
0.00010676424168188992
0
0
0
0
0
0
0
0
0
0
0
0
0
0.001971652555991142
0.009858736291441687
0
0
0
0.
0.
0.
0.
0.
8.136043427883542e-9
1.7722825270998362e-7
3.8352904292918234e-6
0.00008325027679912472
0.001971652555991142
0.21437500487941608
0.1874892702561956
0
0
0
0.
0.
0.
0.
0.
0.
1.8573125771951766e-7
4.254016513188434e-6
0.00010676424168188992
0.009858736291441687
0.1874892702561956
0.06057159518297236
0.01461910250917962
0
0
0
0
0
0
0
0
0
0
0
0
0
0.01461910250917962
0.08431247452159643
0.0022927345914581874
0
0
0
0
0
0
0
0
0
0
0
0
0
0.0022927345914581874
0.023804034582734883
0
0
0
0
0
0
0
0
0
0
0
0
0
0
0
0
0
0
0
0
0
0
0
0
0
0
0
0.
0.
0
0
0
0
0
0
0
0
0
0
0
0
0
0.
0.
0
0
0
0
0
0
0
0
0
0
0
0
0
0.
0.
0
0
0
0
0
0
0
0
0
0
0
0
0
0.
0.
0
0
0
0
0
0
0
0
0
0
0
0
0
0.
0.
0
0
0
0
0
0
0
0
0
0
0
0
0
0.
0.
0
0
0
0
0
0
0
0
0
0
0
0
0
8.136043427865662e-9
0.
0
0
0
0
0
0
0
0
0
0
0
0
0
1.772282527098533e-7
1.8573125771942433e-7
0
0
0
0
0
0
0
0
0
0
0
0
0
3.835290429292424e-6
4.254016513188544e-6
0
0
0
0
0
0
0
0
0
0
0
0
0
0.00008325027679912636
0.00010676424168188818
0
0
0
0
0
0
0
0
0
0
0
0
0
0.001971652555991146
0.009858736291441496
0
0
0.
0.
0.
0.
0.
0.
8.136043427865662e-9
1.772282527098533e-7
3.835290429292424e-6
0.00008325027679912636
0.001971652555991146
0.21437500487941571
0.18748927025619555
0
0
0.
0.
0.
0.
0.
0.
0.
1.8573125771942433e-7
4.254016513188544e-6
0.00010676424168188818
0.009858736291441496
0.18748927025619555
0.0605715951829725
0.01461910250917961
0
0
0
0
0
0
0
0
0
0
0
0
0
0.01461910250917961
0.08431247452159625
0
0
0
0
0
0
0
0
0
0
0
0
0
0
0
0
0
0
0
0
0
0
0
0
0
0
0
0
0.
0.
0
0
0
0
0
0
0
0
0
0
0
0
0
0.
0.
0
0
0
0
0
0
0
0
0
0
0
0
0
0.
0.
0
0
0
0
0
0
0
0
0
0
0
0
0
0.
0.
0
0
0
0
0
0
0
0
0
0
0
0
0
0.
0.
0
0
0
0
0
0
0
0
0
0
0
0
0
0.
0.
0
0
0
0
0
0
0
0
0
0
0
0
0
0.
0.
0
0
0
0
0
0
0
0
0
0
0
0
0
8.136043427826999e-9
0.
0
0
0
0
0
0
0
0
0
0
0
0
0
1.772282527100213e-7
1.8573125771959778e-7
0
0
0
0
0
0
0
0
0
0
0
0
0
3.835290429291834e-6
4.2540165131884304e-6
0
0
0
0
0
0
0
0
0
0
0
0
0
0.00008325027679912632
0.00010676424168188754
0
0
0
0
0
0
0
0
0
0
0
0
0
0.0019716525559911346
0.009858736291441605
0
0.
0.
0.
0.
0.
0.
0.
8.136043427826999e-9
1.772282527100213e-7
3.835290429291834e-6
0.00008325027679912632
0.0019716525559911346
0.21437500487941866
0.18748927025619255
0
0.
0.
0.
0.
0.
0.
0.
0.
1.8573125771959778e-7
4.2540165131884304e-6
0.00010676424168188754
0.009858736291441605
0.18748927025619255
0.06057159518297236
0
0
0
0
0
0
0
0
0
0
0
0
0
0
0
0
0
0
0
0
0
0
0
0
0
0
0
0
0
0.
0
0
0
0
0
0
0
0
0
0
0
0
0
0
0.
0
0
0
0
0
0
0
0
0
0
0
0
0
0
0.
0
0
0
0
0
0
0
0
0
0
0
0
0
0
0.
0
0
0
0
0
0
0
0
0
0
0
0
0
0
0.
0
0
0
0
0
0
0
0
0
0
0
0
0
0
0.
0
0
0
0
0
0
0
0
0
0
0
0
0
0
0.
0
0
0
0
0
0
0
0
0
0
0
0
0
0
0.
0
0
0
0
0
0
0
0
0
0
0
0
0
0
8.13604342787394e-9
0
0
0
0
0
0
0
0
0
0
0
0
0
0
1.772282527098533e-7
0
0
0
0
0
0
0
0
0
0
0
0
0
0
3.835290429292047e-6
0
0
0
0
0
0
0
0
0
0
0
0
0
0
0.00008325027679912525
0
0
0
0
0
0
0
0
0
0
0
0
0
0
0.0019716525559911385
0
0.
0.
0.
0.
0.
0.
0.
0.
8.13604342787394e-9
1.772282527098533e-7
3.835290429292047e-6
0.00008325027679912525
0.0019716525559911385
0.21437500487941571
0
0
0
0
0
0
0
0
0
0
0
0
0
0
0
0